0.00000000000000
0.01491236858690
0.04138663161969
0.08101024662883
0.13367813890462
0.19925064265705
0.27755387138445
0.34000000000000
0.43000000000000
0.50000000000000
0.65000000000000
0.80000000000000
1.00000000000000
1.16059783178690
1.33057323841830
1.50000000000000
1.69923948545447
1.89695268919270
2.00000000000000
2.25000000000000
2.52000000000000
2.76453117288334
2.99773061948193
3.23623972482581
3.47942600560911
3.72664457549684
3.97723985524756
4.23054731119184
4.48589521745612
4.74260643725913
5.00000021855695
5.25739399927519
5.51410521734101
5.76945312071511
6.02276057262385
6.27335584720441
6.52057441080104
6.76376068418901
7.00226978105291
7.23546921810938
7.46274059233912
7.68348122088062
7.89710573923689
8.10304765355695
8.30076084287573
8.48972100732881
8.66942705850150
8.83940244822526
8.99919643229788
9.14838526577614
9.28657332667125
9.41339416506737
9.52851147488088
9.63161998568378
9.72244627222598
9.80074947950998
9.86632196149506
9.91898983173726
9.95861342450500
9.98508766514754
10.00000000000000
