          fvect                 uvect
  0.000000000000000E+000  0.000000000000000E+000
  0.000000000000000E+000  0.000000000000000E+000
  0.000000000000000E+000  0.000000000000000E+000
  0.000000000000000E+000  0.000000000000000E+000
  0.000000000000000E+000  0.000000000000000E+000
  0.000000000000000E+000  0.000000000000000E+000
  0.000000000000000E+000  0.000000000000000E+000
  0.000000000000000E+000  0.000000000000000E+000
  0.000000000000000E+000  0.000000000000000E+000
  0.000000000000000E+000  0.000000000000000E+000
  0.000000000000000E+000  0.000000000000000E+000
  0.000000000000000E+000  0.000000000000000E+000
  0.000000000000000E+000  0.000000000000000E+000
  0.000000000000000E+000  0.000000000000000E+000
  0.000000000000000E+000  0.000000000000000E+000
  0.000000000000000E+000  0.000000000000000E+000
  0.000000000000000E+000  0.000000000000000E+000
  0.000000000000000E+000  0.000000000000000E+000
  0.000000000000000E+000 -5.902357608625055E-009
  0.000000000000000E+000 -6.592694473528733E-009
  0.000000000000000E+000 -3.501758026789699E-009
  0.000000000000000E+000  1.180471521725228E-007
  0.000000000000000E+000 -2.003830850523824E-020
  0.000000000000000E+000 -8.202711277736308E-008
  0.000000000000000E+000  1.180471521725093E-007
  0.000000000000000E+000  1.318538894705684E-007
  0.000000000000000E+000  2.303279959381176E-007
  0.000000000000000E+000  1.750475272759316E-019
  0.000000000000000E+000  4.091765605929440E-021
  0.000000000000000E+000  8.202711277738920E-007
  0.000000000000000E+000 -2.360943043450657E-006
  0.000000000000000E+000  1.705608433597000E-019
  0.000000000000000E+000  2.534479996841985E-019
  0.000000000000000E+000 -1.321663924921991E-019
  0.000000000000000E+000  1.587224460689951E-019
  0.000000000000000E+000 -2.303279959381213E-006
  0.000000000000000E+000 -8.838704644173252E-009
  0.000000000000000E+000 -1.420604145537319E-008
  0.000000000000000E+000 -5.655252764379419E-009
  0.000000000000000E+000  1.767740928835253E-007
  0.000000000000000E+000 -3.964745491495553E-020
  0.000000000000000E+000 -1.434939215242492E-007
  0.000000000000000E+000  1.767740928834798E-007
  0.000000000000000E+000  2.841208291074538E-007
  0.000000000000000E+000  2.700986380388193E-007
  0.000000000000000E+000  1.812236836783611E-019
  0.000000000000000E+000  2.357839984894658E-020
  0.000000000000000E+000  1.434939215243078E-006
  0.000000000000000E+000 -3.535481857670652E-006
  0.000000000000000E+000  2.780213164138797E-019
  0.000000000000000E+000  3.569535203783333E-019
  0.000000000000000E+000 -2.237216840904910E-019
  0.000000000000000E+000  2.860503612586963E-019
  0.000000000000000E+000 -2.700986380388244E-006
  0.000000000000000E+000 -1.038568024459628E-008
  0.000000000000000E+000 -2.203077528490231E-008
  0.000000000000000E+000 -9.113644684320367E-009
  0.000000000000000E+000  2.077136048920316E-007
  0.000000000000000E+000 -4.805164020766747E-020
  0.000000000000000E+000 -1.836910164834934E-007
  0.000000000000000E+000  2.077136048919468E-007
  0.000000000000000E+000  4.406155056980382E-007
  0.000000000000000E+000  2.701229642810504E-007
  0.000000000000000E+000  1.786777078934876E-019
  0.000000000000000E+000 -7.938879459697091E-021
  0.000000000000000E+000  1.836910164835892E-006
  0.000000000000000E+000 -4.154272097840754E-006
  0.000000000000000E+000  2.729585179011616E-019
  0.000000000000000E+000  3.541128874810913E-019
  0.000000000000000E+000 -2.416644049860887E-019
  0.000000000000000E+000  2.879303776723234E-019
  0.000000000000000E+000 -2.701229642810537E-006
  0.000000000000000E+000 -1.176766477922696E-008
  0.000000000000000E+000 -4.054500087480640E-008
  0.000000000000000E+000 -2.434195856707501E-008
  0.000000000000000E+000  2.353532955847696E-007
  0.000000000000000E+000 -5.583720838630240E-020
  0.000000000000000E+000 -2.269137812882861E-007
  0.000000000000000E+000  2.353532955845790E-007
  0.000000000000000E+000  8.109000174961220E-007
  0.000000000000000E+000  2.545588828668067E-007
  0.000000000000000E+000  1.471645083131291E-019
  0.000000000000000E+000 -9.039738189288165E-020
  0.000000000000000E+000  2.269137812884709E-006
  0.000000000000000E+000 -4.707065911695461E-006
  0.000000000000000E+000  7.102296164266148E-020
  0.000000000000000E+000  3.612603256619396E-019
  0.000000000000000E+000 -1.672168451411677E-019
  0.000000000000000E+000  2.921610342789985E-019
  0.000000000000000E+000 -2.545588828668103E-006
  0.000000000000000E+000 -1.193420362086245E-008
  0.000000000000000E+000 -5.875554838525540E-008
  0.000000000000000E+000 -4.923213631782715E-008
  0.000000000000000E+000  2.386840724176054E-007
  0.000000000000000E+000 -3.686044139128972E-020
  0.000000000000000E+000 -2.360196324467243E-007
  0.000000000000000E+000  2.386840724173302E-007
  0.000000000000000E+000  1.175110967705107E-006
  0.000000000000000E+000  2.445499662711493E-007
  0.000000000000000E+000  1.718817571939024E-019
  0.000000000000000E+000 -3.597861975060266E-019
  0.000000000000000E+000  2.360196324470009E-006
  0.000000000000000E+000 -4.773681448352240E-006
  0.000000000000000E+000 -2.730711944331152E-019
  0.000000000000000E+000  3.900886862527175E-019
  0.000000000000000E+000 -2.204808912798552E-019
  0.000000000000000E+000  1.476682761460770E-019
  0.000000000000000E+000 -2.445499662711542E-006
  0.000000000000000E+000 -1.175781615851074E-008
  0.000000000000000E+000 -7.652349466165074E-008
  0.000000000000000E+000 -8.315902039663542E-008
  0.000000000000000E+000  2.351563231707027E-007
  0.000000000000000E+000 -3.128610263285371E-020
  0.000000000000000E+000 -2.343076372825485E-007
  0.000000000000000E+000  2.351563231703477E-007
  0.000000000000000E+000  1.530469893233005E-006
  0.000000000000000E+000  2.368543799148337E-007
  0.000000000000000E+000  2.682172953079829E-019
  0.000000000000000E+000 -6.298226518738306E-019
  0.000000000000000E+000  2.343076372829140E-006
  0.000000000000000E+000 -4.703126463414261E-006
  0.000000000000000E+000 -4.230245409302203E-019
  0.000000000000000E+000  5.435156303729131E-019
  0.000000000000000E+000 -2.967536942053799E-019
  0.000000000000000E+000  2.753881766416757E-019
  0.000000000000000E+000 -2.368543799148481E-006
  0.000000000000000E+000 -1.132669799921649E-008
  0.000000000000000E+000 -1.021871069389260E-007
  0.000000000000000E+000 -1.498657069172479E-007
  0.000000000000000E+000  2.265339599850707E-007
  0.000000000000000E+000 -1.618353141609210E-019
  0.000000000000000E+000 -2.264146404546540E-007
  0.000000000000000E+000  2.265339599845610E-007
  0.000000000000000E+000  2.043742138778572E-006
  0.000000000000000E+000  2.267893155282751E-007
  0.000000000000000E+000  2.079590238457471E-019
  0.000000000000000E+000  2.664163245634083E-020
  0.000000000000000E+000  2.264146404551605E-006
  0.000000000000000E+000 -4.530679199701454E-006
  0.000000000000000E+000 -2.851596121160121E-019
  0.000000000000000E+000  5.870613998678778E-019
  0.000000000000000E+000 -2.455123410673178E-019
  0.000000000000000E+000  7.877208013422140E-020
  0.000000000000000E+000 -2.267893155282910E-006
  0.000000000000000E+000 -1.085174465619084E-008
  0.000000000000000E+000 -1.267860828882505E-007
  0.000000000000000E+000 -2.349921697667521E-007
  0.000000000000000E+000  2.170348931248478E-007
  0.000000000000000E+000 -2.288032447847126E-019
  0.000000000000000E+000 -2.170119687678329E-007
  0.000000000000000E+000  2.170348931242026E-007
  0.000000000000000E+000  2.535721657765080E-006
  0.000000000000000E+000  2.170834958891413E-007
  0.000000000000000E+000  2.528275653929089E-019
  0.000000000000000E+000  1.018439612767675E-019
  0.000000000000000E+000  2.170119687684947E-006
  0.000000000000000E+000 -4.340697862497279E-006
  0.000000000000000E+000 -1.743271785644557E-019
  0.000000000000000E+000  4.114851078843018E-019
  0.000000000000000E+000 -1.939027476668756E-019
  0.000000000000000E+000  1.578046010122460E-019
  0.000000000000000E+000 -2.170834958891399E-006
  0.000000000000000E+000 -1.037042100437669E-008
  0.000000000000000E+000 -1.503149613462727E-007
  0.000000000000000E+000 -3.377299293445738E-007
  0.000000000000000E+000  2.074084200889019E-007
  0.000000000000000E+000 -2.332455764813473E-019
  0.000000000000000E+000 -2.074131645096114E-007
  0.000000000000000E+000  2.074084200881023E-007
  0.000000000000000E+000  3.006299226925479E-006
  0.000000000000000E+000  2.074007108833745E-007
  0.000000000000000E+000  1.776816217109377E-019
  0.000000000000000E+000 -4.377177722951782E-019
  0.000000000000000E+000  2.074131645104208E-006
  0.000000000000000E+000 -4.148168401778270E-006
  0.000000000000000E+000  1.895520720425395E-020
  0.000000000000000E+000  3.798823109323740E-019
  0.000000000000000E+000 -1.592795143226464E-019
  0.000000000000000E+000  7.996481322276666E-019
  0.000000000000000E+000 -2.074007108833710E-006
  0.000000000000000E+000 -9.772189569981773E-009
  0.000000000000000E+000 -1.779758419185266E-007
  0.000000000000000E+000 -4.882347302128197E-007
  0.000000000000000E+000  1.954437914014499E-007
  0.000000000000000E+000 -2.755892136996024E-019
  0.000000000000000E+000 -1.954436980409023E-007
  0.000000000000000E+000  1.954437914004831E-007
  0.000000000000000E+000  3.559516838370592E-006
  0.000000000000000E+000  1.954440422684620E-007
  0.000000000000000E+000  3.356816775500894E-019
  0.000000000000000E+000 -5.922357592774217E-019
  0.000000000000000E+000  1.954436980418882E-006
  0.000000000000000E+000 -3.908875828029363E-006
  0.000000000000000E+000 -1.913925315230457E-019
  0.000000000000000E+000  3.928636449571896E-019
  0.000000000000000E+000 -2.115914847327309E-019
  0.000000000000000E+000  6.677664616430832E-019
  0.000000000000000E+000 -1.954440422684692E-006
  0.000000000000000E+000 -9.173990300731795E-009
  0.000000000000000E+000 -2.039938310131190E-007
  0.000000000000000E+000 -6.630652436615292E-007
  0.000000000000000E+000  1.834798060169705E-007
  0.000000000000000E+000 -4.051495276711996E-019
  0.000000000000000E+000 -1.834798730591705E-007
  0.000000000000000E+000  1.834798060158415E-007
  0.000000000000000E+000  4.079876620262520E-006
  0.000000000000000E+000  1.834796624430166E-007
  0.000000000000000E+000  3.397427215725158E-019
  0.000000000000000E+000 -2.175681700642687E-019
  0.000000000000000E+000  1.834798730603180E-006
  0.000000000000000E+000 -3.669596120339716E-006
  0.000000000000000E+000 -1.550132537456428E-019
  0.000000000000000E+000  7.469712462652687E-019
  0.000000000000000E+000 -3.533105006028122E-019
  0.000000000000000E+000  4.445076849556669E-019
  0.000000000000000E+000 -1.834796624430415E-006
  0.000000000000000E+000 -8.575796017528486E-009
  0.000000000000000E+000 -2.283688625111594E-007
  0.000000000000000E+000 -8.607326480949489E-007
  0.000000000000000E+000  1.715159203535115E-007
  0.000000000000000E+000 -5.777508356868988E-019
  0.000000000000000E+000 -1.715157459318479E-007
  0.000000000000000E+000  1.715159203522148E-007
  0.000000000000000E+000  4.567377250223379E-006
  0.000000000000000E+000  1.715162556418688E-007
  0.000000000000000E+000  4.021495467829078E-019
  0.000000000000000E+000  2.528258699178026E-019
  0.000000000000000E+000  1.715157459331649E-006
  0.000000000000000E+000 -3.430318407070572E-006
  0.000000000000000E+000  3.438519344146032E-019
  0.000000000000000E+000  7.905612784304970E-019
  0.000000000000000E+000 -3.982611328070177E-019
  0.000000000000000E+000  8.750784247993183E-019
  0.000000000000000E+000 -1.715162556419041E-006
  0.000000000000000E+000 -7.917197402251095E-009
  0.000000000000000E+000 -2.533051997113301E-007
  0.000000000000000E+000 -1.102993576107868E-006
  0.000000000000000E+000  1.583439480487603E-007
  0.000000000000000E+000 -7.169950668053618E-019
  0.000000000000000E+000 -1.583439563931573E-007
  0.000000000000000E+000  1.583439480472542E-007
  0.000000000000000E+000  5.066103994226970E-006
  0.000000000000000E+000  1.583439245972774E-007
  0.000000000000000E+000  2.158677293570030E-019
  0.000000000000000E+000  8.045366741542108E-019
  0.000000000000000E+000  1.583439563946663E-006
  0.000000000000000E+000 -3.166878960975417E-006
  0.000000000000000E+000  8.007310799707124E-020
  0.000000000000000E+000  6.665211844638593E-019
  0.000000000000000E+000 -3.350727684836103E-019
  0.000000000000000E+000 -5.317223804674997E-019
  0.000000000000000E+000 -1.583439245973081E-006
  0.000000000000000E+000 -7.258598619748482E-009
  0.000000000000000E+000 -2.762500173189326E-007
  0.000000000000000E+000 -1.369144268046855E-006
  0.000000000000000E+000  1.451719723995783E-007
  0.000000000000000E+000 -6.755763711859749E-019
  0.000000000000000E+000 -1.451719689284169E-007
  0.000000000000000E+000  1.451719723978804E-007
  0.000000000000000E+000  5.525000346379008E-006
  0.000000000000000E+000  1.451719817194280E-007
  0.000000000000000E+000  2.100868087464142E-019
  0.000000000000000E+000 -1.662526057857038E-019
  0.000000000000000E+000  1.451719689301334E-006
  0.000000000000000E+000 -2.903439447992006E-006
  0.000000000000000E+000 -2.532911401072458E-019
  0.000000000000000E+000  5.825851064356007E-019
  0.000000000000000E+000 -3.199075746256601E-019
  0.000000000000000E+000 -2.236985035717868E-019
  0.000000000000000E+000 -1.451719817194413E-006
  0.000000000000000E+000 -6.599999462954415E-009
  0.000000000000000E+000 -2.972033173159365E-007
  0.000000000000000E+000 -1.657197421601094E-006
  0.000000000000000E+000  1.319999892646315E-007
  0.000000000000000E+000 -6.339546384745894E-019
  0.000000000000000E+000 -1.319999990674883E-007
  0.000000000000000E+000  1.319999892627453E-007
  0.000000000000000E+000  5.944066346319090E-006
  0.000000000000000E+000  1.319999648095261E-007
  0.000000000000000E+000  2.117347311075622E-019
  0.000000000000000E+000 -1.165173919063072E-018
  0.000000000000000E+000  1.319999990693728E-006
  0.000000000000000E+000 -2.639999785292752E-006
  0.000000000000000E+000 -8.117431034221226E-019
  0.000000000000000E+000  1.245848606072239E-018
  0.000000000000000E+000 -5.906286094133955E-019
  0.000000000000000E+000  3.194421867197653E-020
  0.000000000000000E+000 -1.319999648095823E-006
  0.000000000000000E+000 -5.941400921457641E-009
  0.000000000000000E+000 -3.161650992377948E-007
  0.000000000000000E+000 -1.965165745642519E-006
  0.000000000000000E+000  1.188280184357526E-007
  0.000000000000000E+000 -8.787389111501052E-019
  0.000000000000000E+000 -1.188280176038423E-007
  0.000000000000000E+000  1.188280184336634E-007
  0.000000000000000E+000  6.323301984756351E-006
  0.000000000000000E+000  1.188280211941197E-007
  0.000000000000000E+000  3.288360406472009E-019
  0.000000000000000E+000 -2.082844186898489E-019
  0.000000000000000E+000  1.188280176059394E-006
  0.000000000000000E+000 -2.376560368715313E-006
  0.000000000000000E+000 -3.850549645329064E-019
  0.000000000000000E+000  1.346129487028860E-018
  0.000000000000000E+000 -6.241916838083499E-019
  0.000000000000000E+000  5.606975108451203E-019
  0.000000000000000E+000 -1.188280211941931E-006
  0.000000000000000E+000 -5.282802048467516E-009
  0.000000000000000E+000 -3.331353648108322E-007
  0.000000000000000E+000 -2.291061952856464E-006
  0.000000000000000E+000  1.056560409771484E-007
  0.000000000000000E+000 -1.037560976894149E-018
  0.000000000000000E+000 -1.056560404970965E-007
  0.000000000000000E+000  1.056560409748273E-007
  0.000000000000000E+000  6.662707296217230E-006
  0.000000000000000E+000  1.056560421163465E-007
  0.000000000000000E+000  5.915375605471619E-019
  0.000000000000000E+000  8.454425340312065E-020
  0.000000000000000E+000  1.056560404994796E-006
  0.000000000000000E+000 -2.113120819543956E-006
  0.000000000000000E+000 -4.296568467043608E-019
  0.000000000000000E+000  2.388763076633136E-019
  0.000000000000000E+000 -9.181328467415205E-020
  0.000000000000000E+000  3.931645067713445E-019
  0.000000000000000E+000 -1.056560421163517E-006
  0.000000000000000E+000 -4.624202891678735E-009
  0.000000000000000E+000 -3.481141121742352E-007
  0.000000000000000E+000 -2.632898754073814E-006
  0.000000000000000E+000  9.248405784267120E-008
  0.000000000000000E+000 -1.221143017838216E-018
  0.000000000000000E+000 -9.248406136647434E-008
  0.000000000000000E+000  9.248405784013225E-008
  0.000000000000000E+000  6.962282243485360E-006
  0.000000000000000E+000  9.248405119914972E-008
  0.000000000000000E+000  7.798313425501699E-019
  0.000000000000000E+000  3.704335030973949E-019
  0.000000000000000E+000  9.248406136913531E-007
  0.000000000000000E+000 -1.849681156854940E-006
  0.000000000000000E+000  3.668776737063599E-019
  0.000000000000000E+000 -1.329697950401190E-018
  0.000000000000000E+000  5.224517509005509E-019
  0.000000000000000E+000  8.742392557914942E-019
  0.000000000000000E+000 -9.248405119906904E-007
  0.000000000000000E+000 -4.026011868349497E-009
  0.000000000000000E+000 -3.599930892215401E-007
  0.000000000000000E+000 -2.955526695228518E-006
  0.000000000000000E+000  8.052023737727485E-008
  0.000000000000000E+000 -1.232277396711191E-018
  0.000000000000000E+000 -8.052023596103689E-008
  0.000000000000000E+000  8.052023737465817E-008
  0.000000000000000E+000  7.199861784431577E-006
  0.000000000000000E+000  8.052024031785805E-008
  0.000000000000000E+000  6.455392455986990E-019
  0.000000000000000E+000 -3.982013657375367E-020
  0.000000000000000E+000  8.052023596374557E-007
  0.000000000000000E+000 -1.610404747546768E-006
  0.000000000000000E+000 -3.884443161207878E-019
  0.000000000000000E+000 -4.725639761957148E-019
  0.000000000000000E+000  2.570139271021801E-019
  0.000000000000000E+000 -6.808865786966495E-020
  0.000000000000000E+000 -8.052024031781440E-007
  0.000000000000000E+000 -3.427820517320873E-009
  0.000000000000000E+000 -3.702291248381900E-007
  0.000000000000000E+000 -3.288176610405373E-006
  0.000000000000000E+000  6.855641035789098E-008
  0.000000000000000E+000 -1.351785345172638E-018
  0.000000000000000E+000 -6.855641086313712E-008
  0.000000000000000E+000  6.855641035526740E-008
  0.000000000000000E+000  7.404582496764656E-006
  0.000000000000000E+000  6.855640972704952E-008
  0.000000000000000E+000  5.524153316012761E-019
  0.000000000000000E+000  3.478838594943577E-020
  0.000000000000000E+000  6.855641086582868E-007
  0.000000000000000E+000 -1.371128207158656E-006
  0.000000000000000E+000 -1.985822274672470E-019
  0.000000000000000E+000  9.112543985674858E-022
  0.000000000000000E+000  5.285227137636208E-020
  0.000000000000000E+000 -3.747055275955636E-020
  0.000000000000000E+000 -6.855640972704695E-007
  0.000000000000000E+000 -2.829628115615222E-009
  0.000000000000000E+000 -3.788222188364817E-007
  0.000000000000000E+000 -3.629359422448827E-006
  0.000000000000000E+000  5.659256232499233E-008
  0.000000000000000E+000 -1.535239432380010E-018
  0.000000000000000E+000 -5.659248720972846E-008
  0.000000000000000E+000  5.659256232240592E-008
  0.000000000000000E+000  7.576444376730762E-006
  0.000000000000000E+000  5.659267480376609E-008
  0.000000000000000E+000  9.434861155112722E-019
  0.000000000000000E+000  4.681870390841027E-019
  0.000000000000000E+000  5.659248721241966E-007
  0.000000000000000E+000 -1.131851246501252E-006
  0.000000000000000E+000  3.623724335775115E-019
  0.000000000000000E+000 -8.472785945214853E-019
  0.000000000000000E+000  5.328138779950034E-019
  0.000000000000000E+000 -2.511248454674375E-018
  0.000000000000000E+000 -5.659267480373829E-007
  0.000000000000000E+000 -2.346744394028153E-009
  0.000000000000000E+000 -3.845608391827954E-007
  0.000000000000000E+000 -3.910002747250780E-006
  0.000000000000000E+000  4.693488789430612E-008
  0.000000000000000E+000 -1.865914591606360E-018
  0.000000000000000E+000 -4.693535328141852E-008
  0.000000000000000E+000  4.693488789171756E-008
  0.000000000000000E+000  7.691216783656921E-006
  0.000000000000000E+000  4.693390238695921E-008
  0.000000000000000E+000  9.256018658501803E-019
  0.000000000000000E+000  2.165175250680415E-018
  0.000000000000000E+000  4.693535328420734E-007
  0.000000000000000E+000 -9.386977578880802E-007
  0.000000000000000E+000  2.394694225912881E-018
  0.000000000000000E+000 -3.673513725892229E-018
  0.000000000000000E+000  1.724925542514625E-018
  0.000000000000000E+000  5.058378570676936E-019
  0.000000000000000E+000 -4.693390238670029E-007
  0.000000000000000E+000 -1.863991655086956E-009
  0.000000000000000E+000 -3.892287255291010E-007
  0.000000000000000E+000 -4.194453165081837E-006
  0.000000000000000E+000  3.727983311642998E-008
  0.000000000000000E+000 -1.745007392660724E-018
  0.000000000000000E+000 -3.728230203570904E-008
  0.000000000000000E+000  3.727983311401655E-008
  0.000000000000000E+000  7.784574510582865E-006
  0.000000000000000E+000  3.727451055202565E-008
  0.000000000000000E+000  7.722360017799101E-019
  0.000000000000000E+000  1.181433226496855E-018
  0.000000000000000E+000  3.728230203830075E-007
  0.000000000000000E+000 -7.455966623306970E-007
  0.000000000000000E+000  2.372536260741807E-018
  0.000000000000000E+000 -4.411823601150432E-018
  0.000000000000000E+000  1.854337444091160E-018
  0.000000000000000E+000  1.759942174706161E-018
  0.000000000000000E+000 -3.727451055176322E-007
  0.000000000000000E+000 -1.382150591916990E-009
  0.000000000000000E+000 -3.928260015725199E-007
  0.000000000000000E+000 -4.481926741497789E-006
  0.000000000000000E+000  2.764301185386330E-008
  0.000000000000000E+000 -1.288777170151861E-018
  0.000000000000000E+000 -2.765978729447746E-008
  0.000000000000000E+000  2.764301185176326E-008
  0.000000000000000E+000  7.856520031451472E-006
  0.000000000000000E+000  2.760901128901593E-008
  0.000000000000000E+000 -2.234203029434155E-019
  0.000000000000000E+000 -1.614939462520845E-018
  0.000000000000000E+000  2.765978729638872E-007
  0.000000000000000E+000 -5.528602370774168E-007
  0.000000000000000E+000 -4.210053420409856E-019
  0.000000000000000E+000  9.576536855923441E-019
  0.000000000000000E+000  5.467132000288302E-019
  0.000000000000000E+000 -3.750749751288585E-018
  0.000000000000000E+000 -2.760901128908922E-007
  0.000000000000000E+000 -1.061820373073166E-009
  0.000000000000000E+000 -3.946364236823910E-007
  0.000000000000000E+000 -4.675710336306440E-006
  0.000000000000000E+000  2.123640747750936E-008
  0.000000000000000E+000 -1.146802744159905E-018
  0.000000000000000E+000 -2.129187505887350E-008
  0.000000000000000E+000  2.123640747553754E-008
  0.000000000000000E+000  7.892728473648466E-006
  0.000000000000000E+000  2.111576072157653E-008
  0.000000000000000E+000  9.073627390078060E-019
  0.000000000000000E+000 -2.964699789549779E-018
  0.000000000000000E+000  2.129187506084643E-007
  0.000000000000000E+000 -4.247281495522603E-007
  0.000000000000000E+000 -7.500499473146681E-019
  0.000000000000000E+000 -3.476726359527496E-018
  0.000000000000000E+000  1.948413894094870E-018
  0.000000000000000E+000  1.960198873814500E-018
  0.000000000000000E+000 -2.111576072128990E-007
  0.000000000000000E+000 -7.484987217023787E-010
  0.000000000000000E+000 -3.959676133442037E-007
  0.000000000000000E+000 -4.870258923575178E-006
  0.000000000000000E+000  1.496997445067475E-008
  0.000000000000000E+000 -1.257588563821591E-018
  0.000000000000000E+000 -1.514813430534221E-008
  0.000000000000000E+000  1.496997444871123E-008
  0.000000000000000E+000  7.919352266884626E-006
  0.000000000000000E+000  1.457680961274588E-008
  0.000000000000000E+000  2.063913567520020E-018
  0.000000000000000E+000 -1.139676616231181E-018
  0.000000000000000E+000  1.514813430748084E-007
  0.000000000000000E+000 -2.993994890172806E-007
  0.000000000000000E+000 -2.173887168186067E-018
  0.000000000000000E+000 -9.110785001995751E-018
  0.000000000000000E+000  4.122823908350669E-018
  0.000000000000000E+000  3.698330872908396E-018
  0.000000000000000E+000 -1.457680961215040E-007
  0.000000000000000E+000 -4.594619979357692E-010
  0.000000000000000E+000 -3.968220483314239E-007
  0.000000000000000E+000 -5.065327777305379E-006
  0.000000000000000E+000  9.189239975982899E-009
  0.000000000000000E+000 -1.564094929069284E-018
  0.000000000000000E+000 -9.742467651698653E-009
  0.000000000000000E+000  9.189239974007453E-009
  0.000000000000000E+000  7.936440966628658E-006
  0.000000000000000E+000  7.873258859628218E-009
  0.000000000000000E+000  2.159603729621984E-018
  0.000000000000000E+000  2.156179685064566E-018
  0.000000000000000E+000  9.742467653723289E-008
  0.000000000000000E+000 -1.837847995234252E-007
  0.000000000000000E+000 -2.278086265227691E-018
  0.000000000000000E+000 -9.574723625211043E-018
  0.000000000000000E+000  5.411590510981659E-018
  0.000000000000000E+000  1.017203861196839E-017
  0.000000000000000E+000 -7.873258859124583E-008
  0.000000000000000E+000 -3.554059121513199E-010
  0.000000000000000E+000 -3.970417577808036E-007
  0.000000000000000E+000 -5.148039517840759E-006
  0.000000000000000E+000  7.108118260567415E-009
  0.000000000000000E+000 -1.339909356426694E-018
  0.000000000000000E+000 -7.957091528531917E-009
  0.000000000000000E+000  7.108118258596692E-009
  0.000000000000000E+000  7.940835155616213E-006
  0.000000000000000E+000  4.996772849022662E-009
  0.000000000000000E+000  1.951927017643923E-018
  0.000000000000000E+000  1.531767686737351E-018
  0.000000000000000E+000  7.957091530831402E-008
  0.000000000000000E+000 -1.421623652147138E-007
  0.000000000000000E+000 -4.575265763092082E-018
  0.000000000000000E+000 -1.512135734460584E-017
  0.000000000000000E+000  5.630552102066117E-018
  0.000000000000000E+000  9.682194487050370E-018
  0.000000000000000E+000 -4.996772848329660E-008
  0.000000000000000E+000 -2.753614444047819E-010
  0.000000000000000E+000 -3.971792284511740E-007
  0.000000000000000E+000 -5.230782023268191E-006
  0.000000000000000E+000  5.507228905864322E-009
  0.000000000000000E+000 -1.033550489904799E-018
  0.000000000000000E+000 -6.725991818022636E-009
  0.000000000000000E+000  5.507228903961183E-009
  0.000000000000000E+000  7.943584569023569E-006
  0.000000000000000E+000  2.302945132037076E-009
  0.000000000000000E+000  1.470884663387490E-018
  0.000000000000000E+000  3.671501210956448E-019
  0.000000000000000E+000  6.725991819930732E-008
  0.000000000000000E+000 -1.101445781192702E-007
  0.000000000000000E+000 -7.194813383140487E-018
  0.000000000000000E+000 -9.055564488509475E-018
  0.000000000000000E+000  4.956419476327518E-018
  0.000000000000000E+000  9.167625539127382E-018
  0.000000000000000E+000 -2.302945131868493E-008
  0.000000000000000E+000 -2.404898094155040E-010
  0.000000000000000E+000 -3.972415192122909E-007
  -10.0000000000000      -5.313552231759523E-006
  0.000000000000000E+000  4.809796206266034E-009
  0.000000000000000E+000 -1.183245087930860E-018
 -0.500000000000000      -6.272619674891406E-009
  0.000000000000000E+000  4.809796204485672E-009
  0.000000000000000E+000  7.944830384245783E-006
 -0.500000000000000       8.114168679255397E-010
  0.000000000000000E+000  1.414094174017810E-018
  0.000000000000000E+000  1.879368525942477E-018
 -3.333333331329166E-002  6.272619676611106E-008
  0.000000000000000E+000 -9.619592412716827E-008
  0.000000000000000E+000 -6.902228931100628E-018
 -2.500000000000001E-002 -5.645157481350336E-018
  0.000000000000000E+000  4.442096670693833E-018
  0.000000000000000E+000  1.210219671291857E-017
 -3.333333331329166E-002 -8.114168681711958E-009
